HTMLtree.c:1162,22.325581395348838
HTMLtree.c:1162,22.325581395348838
HTMLtree.c:1162,22.325581395348838
