HTMLparser.c:1571,5.3276955602536997
HTMLparser.c:1576,3.2142857142857149
HTMLparser.c:1579,3.2142857142857149
HTMLparser.c:1581,0
