HTMLparser.c:5372,96.971947264093558
HTMLparser.c:5380,20
HTMLparser.c:5372,96.971947264093558
HTMLparser.c:5380,20
