HTMLtree.c:1177,25.862068965517242
HTMLtree.c:1177,25.862068965517242
