HTMLparser.c:2280,51.063032367972752
HTMLparser.c:2281,49.063032367972752
HTMLparser.c:2285,49.063032367972752
