timsort.h:251,15.333333333333334
timsort.h:255,13.333333333333332
timsort.h:255,13.333333333333332
