xmlregexp.c:6227,19.666666666666668
xmlregexp.c:1616,18.666666666666668
xmlregexp.c:1617,16.666666666666668
