xmlregexp.c:6321,33.584733996708813
xmlregexp.c:6322,30.56397816858702
xmlregexp.c:6326,31.671554252199403
