tree.c:2923,44.816326530612244
tree.c:2924,43.816326530612244
tree.c:2928,42.816326530612244
tree.c:2931,40.816326530612244
