xmlregexp.c:6182,18.666666666666668
xmlregexp.c:6184,16.666666666666668
