xmlregexp.c:6343,26.905660377358497
xmlregexp.c:6346,24.905660377358494
