entities.c:372,34.323922734026752
entities.c:372,34.323922734026752
