xmlregexp.c:6249,18.666666666666668
xmlregexp.c:6252,16.666666666666668
