tree.c:2894,44.816326530612244
tree.c:2895,43.816326530612244
tree.c:2899,42.816326530612244
tree.c:2902,40.816326530612244
