buf.c:217,5.2664576802507836
buf.c:219,4.2105263157894735
buf.c:222,3.1168831168831166
buf.c:223,0
