buf.c:243,4.9822064056939501
buf.c:248,3.8709677419354844
buf.c:251,0
buf.c:253,0
