buf.c:506,5.0847457627118651
buf.c:509,4.0540540540540544
buf.c:513,3
buf.c:526,0
