buf.c:801,5.9247648902821313
buf.c:803,4.8586118251928028
buf.c:806,3.7500000000000009
buf.c:809,0
