catalog.c:3529,31.571428571428573
catalog.c:3534,30.571428571428573
catalog.c:3535,30.571428571428573
catalog.c:3539,28.571428571428573
