valid.c:6107,32.853994490358126
valid.c:6110,30.853994490358126
