parser.c:12462,97.262815895005943
parser.c:12462,97.262815895005943
parser.c:12462,97.262815895005943
parser.c:12462,97.262815895005943
