catalog.c:3286,32.117479260463625
catalog.c:3287,18.75
catalog.c:3289,69.029706531461599
