catalog.c:719,7.9384076479603012
catalog.c:720,6.1912924237230031
catalog.c:722,0
catalog.c:751,25.714285714285715
