parser.c:12703,40.931596963498592
parser.c:12706,33.333333333333336
parser.c:12710,46.186947167104933
parser.c:12715,36.550632911392412
