parser.c:1180,27.714285714285715
parser.c:1181,25.714285714285715
