catalog.c:3231,32.191142985675668
catalog.c:3232,18.75
catalog.c:3234,69.755986360614813
