tree.c:3792,39.743589743589745
tree.c:3792,39.743589743589745
tree.c:3792,39.743589743589745
