catalog.c:3301,30.096097861724591
catalog.c:3304,28.944556370188216
catalog.c:3305,18.75
catalog.c:3307,45.835788395030129
