parser.c:11361,33.333333333333336
parser.c:11365,36.263736263736263
parser.c:11373,36.550632911392412
