parser.c:12900,33.333333333333336
parser.c:12904,46.513969292725889
parser.c:12909,36.550632911392412
