c14n.c:966,37.714285714285715
c14n.c:967,35.714285714285715
c14n.c:972,39.714285714285715
