valid.c:6369,32.853994490358126
valid.c:6372,30.853994490358126
