parserInternals.c:1821,57.483018164898375
parserInternals.c:1824,91.569514226964628
parserInternals.c:1828,39.484062898427531
parserInternals.c:1829,37.484062898427531
