c14n.c:1922,44.223039909425417
c14n.c:1922,44.223039909425417
c14n.c:1922,44.223039909425417
