catalog.c:3268,32.191142985675668
catalog.c:3269,18.75
catalog.c:3271,69.755986360614813
