parser.c:11430,33.333333333333336
parser.c:11434,10
parser.c:11441,36.550632911392412
