catalog.c:3006,5.0847457627118651
catalog.c:3010,4.0540540540540544
catalog.c:3023,3
catalog.c:3025,0
