tree.c:4147,40.611353711790386
tree.c:4147,40.611353711790386
