entities.c:675,26.859419087136928
entities.c:678,30.275229357798167
entities.c:681,20
