valid.c:1845,26.859419087136928
valid.c:1848,30.275229357798167
valid.c:1851,20
