debugXML.c:1483,6.0917945787272831
debugXML.c:1269,29.893238434163703
debugXML.c:1273,0
debugXML.c:1275,0
