valid.c:1357,26.859419087136928
valid.c:1360,30.275229357798167
valid.c:1363,20
