valid.c:2084,26.859419087136928
valid.c:2087,30.275229357798167
valid.c:2090,20
