threads.c:515,30.235294117647058
threads.c:516,28.235294117647062
