entities.c:549,15.333333333333334
entities.c:552,13.333333333333332
