xmlIO.c:969,5.0847457627118651
xmlIO.c:981,4.0540540540540544
xmlIO.c:983,3
xmlIO.c:984,0
