xmlregexp.c:5628,13.333333333333332
xmlregexp.c:5628,13.333333333333332
xmlregexp.c:5626,15.333333333333334
xmlregexp.c:5628,13.333333333333332
