entities.c:575,44.363112391930841
entities.c:576,42.363112391930841
