pattern.c:223,13.333333333333332
pattern.c:223,13.333333333333332
