valid.c:1524,43.677966101694913
valid.c:1525,42.677966101694913
valid.c:1526,42.677966101694913
valid.c:1529,40.677966101694913
