tree.c:1420,23.05263157894737
tree.c:1423,21.05263157894737
