xmlsave.c:814,27.714285714285715
xmlsave.c:815,25.714285714285715
