tree.c:4741,37.211596134621786
tree.c:4745,36.194865944095838
tree.c:4748,30
tree.c:4751,38.655462184873947
