parserInternals.c:2019,27.263157894736846
parserInternals.c:2022,25.263157894736846
