parserInternals.c:1895,32.927835051546396
parserInternals.c:1898,30.927835051546396
parserInternals.c:1898,30.927835051546396
