parserInternals.c:2587,94.200697692461603
parserInternals.c:2588,94.200697692461603
parserInternals.c:2592,92.200697692461603
