xmlIO.c:1928,17.122152770420598
xmlIO.c:1936,25.263157894736846
xmlIO.c:1953,10
xmlIO.c:1953,10
