tree.c:1574,39.611940298507463
tree.c:1578,37.611940298507463
