tree.c:2014,33.492537313432834
tree.c:2017,32.492307692307691
tree.c:2022,30
tree.c:2023,30
