tree.c:4801,37.211596134621786
tree.c:4806,36.194865944095838
tree.c:4809,30
tree.c:4813,38.655462184873947
