tree.c:1547,39.611940298507463
tree.c:1551,37.611940298507463
