tree.c:1599,39.611940298507463
tree.c:1603,37.611940298507463
