parserInternals.c:2096,27.263157894736846
parserInternals.c:2099,25.263157894736846
parserInternals.c:2099,25.263157894736846
