xmlIO.c:2147,27.428571428571431
xmlIO.c:2143,29.428571428571431
xmlIO.c:2147,27.428571428571431
