xmlIO.c:2068,29.428571428571431
xmlIO.c:2072,27.428571428571431
