xmlIO.c:1780,29.428571428571431
xmlIO.c:1784,27.428571428571431
