xmlIO.c:1753,27.263157894736846
xmlIO.c:1755,25.263157894736846
