parser.c:7494,44.108375081616217
parser.c:7497,36.187989556135769
parser.c:7501,49.201277955271564
