xmlIO.c:2112,27.263157894736846
xmlIO.c:2114,25.263157894736846
