parser.c:2504,8.5308468683656233
parser.c:2507,36.550632911392412
parser.c:2509,0
