xmlIO.c:1867,27.263157894736846
xmlIO.c:1869,25.263157894736846
