parser.c:9643,35.536871770784401
parser.c:9646,33.536871770784401
