uri.c:1013,18.620689655172413
uri.c:1013,18.620689655172413
uri.c:1013,18.620689655172413
