xmlIO.c:2018,32.927835051546396
xmlIO.c:2021,30.927835051546396
