relaxng.c:2703,27.011317477929474
relaxng.c:2711,17.647058823529413
relaxng.c:2716,40.206185567010309
