xmlreader.c:5388,37.613999656999177
xmlreader.c:5393,35.820895522388064
xmlreader.c:5400,34.409355087178767
