parser.c:12540,60.486637130198709
parser.c:12540,60.486637130198709
parser.c:12540,60.486637130198709
