xmlreader.c:5314,34.409355087178767
xmlreader.c:5304,27.706269852962841
xmlreader.c:5309,20
xmlreader.c:5314,34.409355087178767
