xmlreader.c:5017,47.515151515151501
xmlreader.c:5020,34.409355087178767
xmlreader.c:5021,35.156950672645728
