relaxng.c:2343,45.930619761630368
relaxng.c:2345,44.549204478491461
relaxng.c:2351,42.328259975318772
