relaxng.c:7692,45.200230813617999
relaxng.c:7694,44.200230813617999
relaxng.c:7698,43.200230813617999
relaxng.c:7701,41.200230813617999
