relaxng.c:2313,46.549204478491461
relaxng.c:2315,44.549204478491461
