xmlregexp.c:4194,16.666666666666668
xmlregexp.c:4194,16.666666666666668
