xmlreader.c:5220,27.706269852962841
xmlreader.c:5225,20
xmlreader.c:5314,34.409355087178767
xmlreader.c:5314,34.409355087178767
