xmlschemas.c:27733,20.594629207454062
xmlschemas.c:27736,19.242060219840344
xmlschemas.c:27739,10
xmlschemas.c:27745,46.530400405852951
