xmlschemas.c:27710,49.530400405852944
xmlschemas.c:27713,48.530400405852944
xmlschemas.c:27716,46.530400405852951
