xmlschemas.c:2878,16
xmlschemas.c:2890,27.411167512690358
xmlschemas.c:2893,27.411167512690358
