xmlschemas.c:23567,36.508511408909825
xmlschemas.c:23569,37.591537835638732
