parser.c:2789,41.264642082429489
parser.c:2792,40.264642082429489
parser.c:2795,38.264642082429489
