parser.c:2763,41.264642082429489
parser.c:2766,40.264642082429489
parser.c:2770,38.264642082429489
