xmlschemas.c:2948,10
xmlschemas.c:2955,29.411167512690362
xmlschemas.c:2957,27.411167512690358
