xmlschemas.c:28451,37.346510447554515
xmlschemas.c:28454,97.262815895005943
xmlschemas.c:28458,20
