xmlschemastypes.c:5689,29.920218206614393
xmlschemastypes.c:5691,27.428571428571434
xmlschemastypes.c:5693,29.428571428571434
xmlschemastypes.c:5695,27.428571428571434
