xmlschemas.c:28247,33.8232044198895
xmlschemas.c:28249,31.823204419889496
xmlschemas.c:28247,33.8232044198895
xmlschemas.c:28249,31.823204419889496
