xmlschemas.c:4770,17.988395201793811
xmlschemas.c:4713,14.202908252800903
xmlschemas.c:4716,10
xmlschemas.c:4775,20
