xmlsave.c:1962,36.44928021426179
xmlsave.c:1963,34.44928021426179
