xmlschemastypes.c:5086,20.18181818181818
xmlschemastypes.c:5088,18.18181818181818
xmlschemastypes.c:5088,18.18181818181818
