parserInternals.c:1336,39.484062898427531
parserInternals.c:1339,37.484062898427531
