xmlschemas.c:24728,6.1488131841101961
xmlschemas.c:24730,0
xmlschemas.c:24731,4.5044550884193706
xmlschemas.c:24733,34.578847371754271
