xmlschemastypes.c:3614,30.547721537776454
xmlschemastypes.c:3614,30.547721537776454
xmlschemastypes.c:3614,30.547721537776454
