xmlsave.c:2009,32.697674418604649
xmlsave.c:2011,30.697674418604652
