parser.c:12619,35.892630689227119
parser.c:12622,30.853994490358126
parser.c:12628,36.550632911392412
