xmlschemastypes.c:5122,20.18181818181818
xmlschemastypes.c:5124,18.18181818181818
