xmlstring.c:545,3.4285714285714288
xmlstring.c:549,2.4000000000000004
xmlstring.c:550,0
