xmlschemastypes.c:1325,38.636363636363633
xmlschemastypes.c:1329,13.333333333333332
