xmlstring.c:517,3.4285714285714288
xmlstring.c:524,2.4000000000000004
xmlstring.c:527,0
