xmlwriter.c:4267,37.173675631889083
xmlwriter.c:152,35.820895522388064
xmlwriter.c:152,35.820895522388064
