xmlwriter.c:4087,6.1057934508816132
xmlwriter.c:4090,25.862068965517242
xmlwriter.c:4093,0
