xmlreader.c:3588,34.343283582089548
xmlreader.c:3590,33.343283582089548
xmlreader.c:3592,31.343283582089548
