xmlreader.c:4937,4.8586118251928028
xmlreader.c:4939,3.7500000000000009
xmlreader.c:4942,0
