xmlwriter.c:1892,36.292359542885471
xmlwriter.c:1894,33.128834355828218
xmlwriter.c:1926,34.535600822276209
xmlwriter.c:1926,34.535600822276209
