xmlwriter.c:1983,35.699638972783099
xmlwriter.c:1985,33.128834355828218
xmlwriter.c:2022,33.289299867899608
xmlwriter.c:2022,33.289299867899608
