xmlwriter.c:1351,37.500000000000007
xmlwriter.c:1351,37.500000000000007
xmlwriter.c:1351,37.500000000000007
xmlwriter.c:1351,37.500000000000007
