xmlwriter.c:1926,34.535600822276209
xmlwriter.c:1919,36.292359542885471
xmlwriter.c:1922,33.128834355828218
xmlwriter.c:1926,34.535600822276209
