xmlwriter.c:2657,36.744009128946374
xmlwriter.c:2650,37.294181664442625
xmlwriter.c:2653,33.128834355828218
xmlwriter.c:2657,36.744009128946374
