xmlwriter.c:1402,43.815201192250363
xmlwriter.c:1395,40.138698003283686
xmlwriter.c:1398,33.128834355828218
xmlwriter.c:1402,43.815201192250363
