threads.c:270,2.4000000000000004
threads.c:271,0
threads.c:270,2.4000000000000004
threads.c:271,0
