valid.c:3173,19.647058823529413
valid.c:3176,17.647058823529413
valid.c:3173,19.647058823529413
valid.c:3176,17.647058823529413
