valid.c:3097,19.647058823529413
valid.c:3100,17.647058823529413
valid.c:3097,19.647058823529413
valid.c:3100,17.647058823529413
