xpath.c:4587,29.893238434163699
xpath.c:4587,29.893238434163699
