xinclude.c:1538,56.945134459833696
xinclude.c:1541,55.945134459833696
xinclude.c:1546,53.945134459833703
