xpath.c:3529,19.798113866573523
xpath.c:3532,17.142857142857142
