xpath.c:3194,13.333333333333332
xpath.c:3194,13.333333333333332
xpath.c:3194,13.333333333333332
xpath.c:3194,13.333333333333332
