xpath.c:3629,25.514987847691053
xpath.c:3632,22.857142857142854
