xpath.c:6856,19.647058823529413
xpath.c:6859,17.647058823529413
